[STATE]
ORIENT=3 50.000000 30.000000 30.000000 0.000000
ZOOMPAN=124 72 1112 647
ZOOMWINDOW=6.928203 0.000000 2.000000 0.000000
LABELS=010000110001000000011111000000000010110000
SCALES1=4.811252
SCALES2=5.000000
SCALES3=0.100000
SCALES4=5.000000
SCALES5=50.000000
SCALES6=100.000000
SCALES7=100.000000
SCALES8=100.000000
SCALES9=100.000000
SCALES10=50.000000
SCALES11=10.000000
SCALES12=1.000000
SCALES13=50000.000000
SCALES14=0.100000
SCALES15=7.000000
SCALES16=3.000000
SCALES17=3.000000
